8.877248167991638184e-01 4.000000000000000000e+00
8.228543400764465332e-01 5.000000000000000000e+00
5.939807295799255371e-01 1.100000000000000000e+01
7.570444345474243164e-01 6.000000000000000000e+00
6.292778849601745605e-01 1.000000000000000000e+01
5.511136651039123535e-01 1.400000000000000000e+01
1.098612070083618164e+00 0.000000000000000000e+00
9.278414845466613770e-01 3.000000000000000000e+00
4.518550038337707520e-01 2.100000000000000000e+01
5.544632673263549805e-01 1.300000000000000000e+01
4.897256791591644287e-01 1.700000000000000000e+01
7.570444345474243164e-01 6.000000000000000000e+00
5.939807295799255371e-01 1.100000000000000000e+01
5.652163624763488770e-01 1.200000000000000000e+01
4.608747363090515137e-01 2.000000000000000000e+01
5.511136651039123535e-01 1.400000000000000000e+01
4.631460309028625488e-01 1.900000000000000000e+01
4.283870756626129150e-01 2.600000000000000000e+01
5.511136651039123535e-01 1.400000000000000000e+01
4.822517633438110352e-01 1.800000000000000000e+01
9.278414845466613770e-01 3.000000000000000000e+00
4.324002563953399658e-01 2.300000000000000000e+01
4.381751418113708496e-01 2.200000000000000000e+01
6.944476962089538574e-01 8.000000000000000000e+00
7.417176961898803711e-01 7.000000000000000000e+00
6.502329707145690918e-01 9.000000000000000000e+00
4.943152070045471191e-01 1.500000000000000000e+01
4.299349486827850342e-01 2.500000000000000000e+01
4.299349486827850342e-01 2.500000000000000000e+01
4.303261637687683105e-01 2.400000000000000000e+01
