2.226618331909179744e+02 7.367000000000000000e+03
6.096957321166992472e+01 7.388000000000000000e+03
5.973829421997070455e+01 7.395000000000000000e+03
5.950382499694823935e+01 7.396000000000000000e+03
5.936660156250000142e+01 7.400000000000000000e+03
5.884475898742675781e+01 7.409000000000000000e+03
1.490058578491210994e+02 7.370000000000000000e+03
2.228608612060546932e+02 7.363000000000000000e+03
1.489186386108398494e+02 7.375000000000000000e+03
6.135879631042480753e+01 7.385000000000000000e+03
5.918964462280273153e+01 7.402000000000000000e+03
6.098284072875976847e+01 7.387000000000000000e+03
5.992837677001953267e+01 7.389000000000000000e+03
7.614223403930664347e+01 7.380000000000000000e+03
5.908560600280761577e+01 7.406000000000000000e+03
1.093521278381347628e+02 7.378000000000000000e+03
2.225257461547851676e+02 7.369000000000000000e+03
6.191844062805175497e+01 7.384000000000000000e+03
